234 234 234 234 234 234 234 234 234 234 234 234 234 234 234 234 234 234 234 234 234 234 234 234 234 234 234 234 234 234 234 234 234 234 234 234 234 234 234 234 234 234 234 234 234 234 234 234 234 234 
234 234 234 234 234 234 234 234 234 234 234 234 234 234 234 234 234 234 234 234 234 234 234 234 234 234 234 234 234 234 234 234 234 234 234 234 234 234 234 234 234 234 234 234 234 234 234 234 234 234 
234 234 234 234 234 234 234 234 234 234 234 234 234 234 234 234 234 234 234 234 234 234 234 234 234 234 234 234 234 234 234 234 234 234 234 234 234 234 234 234 234 234 234 234 234 234 234 234 234 234 
234 234 234 234 234 234 234 234 234 234 234 234 234 234 234 234 234 234 234 234 234 234 234 234 234 234 234 234 234 234 234 234 234 234 234 234 234 234 234 234 234 234 234 234 234 234 234 234 234 234 
234 234 234 234 234 234 234 234 234 234 234 234 234 234 234 234 234 234 234 234 234 234 234 234 234 234 234 234 234 234 234 234 234 234 234 234 234 234 234 234 234 234 234 234 234 234 234 234 234 234 
234 234 234 234 234 234 234 234 234 234 234 234 234 234 234 234 234 234 234 234 234 234 234 234 234 234 234 234 234 234 234 234 234 234 234 234 234 234 234 234 234 234 234 234 234 234 234 234 234 234 
234 234 234 234 234 234 234 234 234 234 234 234 234 234 234 234 234 234 234 234 234 234 234 234 234 234 234 234 234 234 234 234 234 234 234 234 234 234 234 234 234 234 234 234 234 234 234 234 234 234 
234 234 234 234 234 234 234 234 234 234 234 234 234 234 234 234 234 234 234 234 234 234 234 234 234 234 234 234 234 234 234 234 234 234 234 234 234 234 234 234 234 234 234 234 234 234 234 234 234 234 
234 234 234 234 234 234 234 234 234 234 234 234 234 234 234 234 234 234 234 234 234 234 234 234 234 234 234 234 234 234 234 234 234 234 234 234 234 234 234 234 234 234 234 234 234 234 234 234 234 234 
234 234 234 234 234 234 234 234 234 234 234 234 234 234 234 234 234 234 234 234 234 234 234 234 234 234 234 234 234 234 234 234 234 234 234 234 234 234 234 234 234 234 234 234 234 234 234 234 234 234 
234 234 234 234 234 234 234 234 234 234 234 234 234 234 234 234 234 234 234 234 234 234 234 234 234 234 234 234 234 234 234 234 234 234 234 234 234 234 234 234 234 234 234 234 234 234 234 234 234 234 
234 234 234 234 234 234 234 234 234 234 234 234 234 234 234 234 234 234 234 234 234 234 234 234 234 234 234 234 234 234 234 234 234 234 234 234 234 234 234 234 234 234 234 234 234 234 234 234 234 234 
234 234 234 234 234 234 234 234 234 234 234 234 234 234 234 234 234 234 234 234 234 234 234 234 234 234 234 234 234 234 234 234 234 234 234 234 234 234 234 234 234 234 234 234 234 234 234 234 234 234 
234 234 234 234 234 234 234 234 234 234 234 234 234 234 234 234 234 234 234 347 348 348 348 348 348 348 348 348 348 348 348 348 348 349 234 234 234 234 234 234 234 234 234 234 234 234 234 234 234 234 
234 234 234 234 234 234 234 234 234 234 234 234 234 234 234 234 234 234 234 346 334 335 335 335 335 335 335 335 335 335 335 335 336 350 234 234 234 234 234 234 234 234 234 234 234 234 234 234 234 234 
234 234 234 234 234 234 234 234 234 234 234 234 234 234 234 234 234 234 234 346 337 331 331 331 331 331 331 331 331 331 331 331 332 350 234 234 234 234 234 234 234 234 234 234 234 234 234 234 234 234 
234 234 234 234 234 234 234 234 234 234 234 234 234 234 234 234 234 234 234 346 337 331 331 331 331 331 331 331 331 331 331 331 332 350 234 234 234 234 234 234 234 234 234 234 234 234 234 234 234 234 
234 234 234 234 234 234 234 234 234 234 234 234 234 234 234 234 234 234 234 346 337 331 331 331 331 331 331 331 339 341 331 331 332 350 234 234 234 234 234 234 234 234 234 234 234 234 234 234 234 234 
234 234 234 234 234 234 234 234 234 234 234 234 234 234 234 234 234 234 234 346 337 331 331 331 331 331 331 331 342 343 331 331 332 350 234 234 234 234 234 234 234 234 234 234 234 234 234 234 234 234 
234 234 234 234 234 234 234 234 234 234 234 234 234 234 234 234 234 234 234 346 329 333 333 333 333 333 333 333 344 345 333 333 330 350 234 234 234 234 234 234 234 234 234 234 234 234 234 234 234 234 
234 234 234 234 234 234 234 234 234 234 234 234 234 234 234 234 234 234 234 346 321 322 322 322 322 322 322 322 322 322 322 322 323 350 234 234 234 234 234 234 234 234 234 234 234 234 234 234 234 234 
234 234 234 234 234 234 234 234 234 234 234 234 234 234 234 234 234 234 234 346 324 338 338 338 338 338 338 338 338 338 338 338 325 350 234 234 234 234 234 234 234 234 234 234 234 234 234 234 234 234 
234 234 234 234 234 234 234 234 234 234 234 234 234 234 234 234 234 234 234 346 324 338 338 338 338 338 338 338 338 338 338 338 325 350 234 234 234 234 234 234 234 234 234 234 234 234 234 234 234 234 
234 234 234 234 234 234 234 234 234 234 234 234 234 234 234 234 234 234 234 346 324 338 338 338 338 338 374 338 338 338 338 338 325 350 234 234 234 234 234 234 234 234 234 234 234 234 234 234 234 234 
234 234 234 234 234 234 234 234 234 234 234 234 234 234 234 234 234 234 234 346 324 338 338 338 338 338 338 338 338 338 338 338 325 350 234 234 234 234 234 234 234 234 234 234 234 234 234 234 234 234 
234 234 234 234 234 234 234 234 234 234 234 234 234 234 234 234 234 234 234 346 324 338 338 338 338 338 338 338 338 338 338 338 325 350 234 234 234 234 234 234 234 234 234 234 234 234 234 234 234 234 
234 234 234 234 234 234 234 234 234 234 234 234 234 234 234 234 234 234 234 346 324 338 338 338 338 338 338 338 338 338 338 338 325 350 234 234 234 234 234 234 234 234 234 234 234 234 234 234 234 234 
234 234 234 234 234 234 234 234 234 234 234 234 234 234 234 234 234 234 234 346 326 327 327 327 327 327 327 327 327 327 327 327 328 350 234 234 234 234 234 234 234 234 234 234 234 234 234 234 234 234 
234 234 234 234 234 234 234 234 234 234 234 234 234 234 234 234 234 234 234 353 352 352 352 352 352 352 352 352 352 352 352 352 352 351 234 234 234 234 234 234 234 234 234 234 234 234 234 234 234 234 
234 234 234 234 234 234 234 234 234 234 234 234 234 234 234 234 234 234 234 234 234 234 234 234 234 234 234 234 234 234 234 234 234 234 234 234 234 234 234 234 234 234 234 234 234 234 234 234 234 234 
234 234 234 234 234 234 234 234 234 234 234 234 234 234 234 234 234 234 234 234 234 234 234 234 234 234 234 234 234 234 234 234 234 234 234 234 234 234 234 234 234 234 234 234 234 234 234 234 234 234 
234 234 234 234 234 234 234 234 234 234 234 234 234 234 234 234 234 234 234 234 234 234 234 234 234 234 234 234 234 234 234 234 234 234 234 234 234 234 234 234 234 234 234 234 234 234 234 234 234 234 
234 234 234 234 234 234 234 234 234 234 234 234 234 234 234 234 234 234 234 234 234 234 234 234 234 234 234 234 234 234 234 234 234 234 234 234 234 234 234 234 234 234 234 234 234 234 234 234 234 234 
234 234 234 234 234 234 234 234 234 234 234 234 234 234 234 234 234 234 234 234 234 234 234 234 234 234 234 234 234 234 234 234 234 234 234 234 234 234 234 234 234 234 234 234 234 234 234 234 234 234 
234 234 234 234 234 234 234 234 234 234 234 234 234 234 234 234 234 234 234 234 234 234 234 234 234 234 234 234 234 234 234 234 234 234 234 234 234 234 234 234 234 234 234 234 234 234 234 234 234 234 
234 234 234 234 234 234 234 234 234 234 234 234 234 234 234 234 234 234 234 234 234 234 234 234 234 234 234 234 234 234 234 234 234 234 234 234 234 234 234 234 234 234 234 234 234 234 234 234 234 234 
234 234 234 234 234 234 234 234 234 234 234 234 234 234 234 234 234 234 234 234 234 234 234 234 234 234 234 234 234 234 234 234 234 234 234 234 234 234 234 234 234 234 234 234 234 234 234 234 234 234 
234 234 234 234 234 234 234 234 234 234 234 234 234 234 234 234 234 234 234 234 234 234 234 234 234 234 234 234 234 234 234 234 234 234 234 234 234 234 234 234 234 234 234 234 234 234 234 234 234 234 
234 234 234 234 234 234 234 234 234 234 234 234 234 234 234 234 234 234 234 234 234 234 234 234 234 234 234 234 234 234 234 234 234 234 234 234 234 234 234 234 234 234 234 234 234 234 234 234 234 234 
234 234 234 234 234 234 234 234 234 234 234 234 234 234 234 234 234 234 234 234 234 234 234 234 234 234 234 234 234 234 234 234 234 234 234 234 234 234 234 234 234 234 234 234 234 234 234 234 234 234 
234 234 234 234 234 234 234 234 234 234 234 234 234 234 234 234 234 234 234 234 234 234 234 234 234 234 234 234 234 234 234 234 234 234 234 234 234 234 234 234 234 234 234 234 234 234 234 234 234 234 
234 234 234 234 234 234 234 234 234 234 234 234 234 234 234 234 234 234 234 234 234 234 234 234 234 234 234 234 234 234 234 234 234 234 234 234 234 234 234 234 234 234 234 234 234 234 234 234 234 234 
234 234 234 234 234 234 234 234 234 234 234 234 234 234 234 234 234 234 234 234 234 234 234 234 234 234 234 234 234 234 234 234 234 234 234 234 234 234 234 234 234 234 234 234 234 234 234 234 234 234 
234 234 234 234 234 234 234 234 234 234 234 234 234 234 234 234 234 234 234 234 234 234 234 234 234 234 234 234 234 234 234 234 234 234 234 234 234 234 234 234 234 234 234 234 234 234 234 234 234 234 
234 234 234 234 234 234 234 234 234 234 234 234 234 234 234 234 234 234 234 234 234 234 234 234 234 234 234 234 234 234 234 234 234 234 234 234 234 234 234 234 234 234 234 234 234 234 234 234 234 234 
234 234 234 234 234 234 234 234 234 234 234 234 234 234 234 234 234 234 234 234 234 234 234 234 234 234 234 234 234 234 234 234 234 234 234 234 234 234 234 234 234 234 234 234 234 234 234 234 234 234 
234 234 234 234 234 234 234 234 234 234 234 234 234 234 234 234 234 234 234 234 234 234 234 234 234 234 234 234 234 234 234 234 234 234 234 234 234 234 234 234 234 234 234 234 234 234 234 234 234 234 
234 234 234 234 234 234 234 234 234 234 234 234 234 234 234 234 234 234 234 234 234 234 234 234 234 234 234 234 234 234 234 234 234 234 234 234 234 234 234 234 234 234 234 234 234 234 234 234 234 234 
234 234 234 234 234 234 234 234 234 234 234 234 234 234 234 234 234 234 234 234 234 234 234 234 234 234 234 234 234 234 234 234 234 234 234 234 234 234 234 234 234 234 234 234 234 234 234 234 234 234 
234 234 234 234 234 234 234 234 234 234 234 234 234 234 234 234 234 234 234 234 234 234 234 234 234 234 234 234 234 234 234 234 234 234 234 234 234 234 234 234 234 234 234 234 234 234 234 234 234 234 
